16: 0,1,16,12,14,11,13,15,22,24,26,40 ?
16: 2,3,4,8,9,10,41,42,43 Rocky~
16: 5 OrangeBlue~
16: 6,7 TabbyLime~
16: 17,19,38 LynxPoint~
16: 18,20,21,23,25,27,28,29,30,31,32,33,34,35,36,37,39 BlackLH
17: 0,5,6,7,8 DiluteTortie
17: 1,10,11 ?
17: 2,4 LynxPoint~
17: 3,9 BlackLH~
17: 12,13,14,15,16,17,19,20 OrangePink~
17: 18 x
18: 0,23,24 Bean~
18: 1,2,4,6,7,8,11,12,13,15,16,18,19,20,22,25,26,27,29,30,31,33,34,35,36 ?
18: 3,9 OrangePink~
18: 5,10,14,17 Torbie~
18: 28,32 OrangeYellow
18: 37 Jade~
18: 21 x
