26: 0,1,4,5,6,7,8,14 FluffyCalico
26: 2,3 Jade~
26: 9,10,11,12,13,15,16,18,19,20,21,23,24,25,27,28,29,30,31,34,35,37,38,39,40,41,42,43,44,46,47,48,49,50,51,52,53,54,55,56,57,58,59,62,63,67 ?
26: 17,22,33 OrangeYellow~
26: 26,36,45 PiebaldTux
26: 32 TabbyBlueChair~
26: 60,61,64,65,66,68,69 Bean~
27: 0,1,2,34,35,37,38,39,41,42 ?
27: 3,4,5,6,7,8,9,10,11,12,13,14,15 CalicoKitYellow
27: 16,44,45 FluffyCalico
27: 17,18,19,20,21,22,23,24,25,26 OrangeYellow
27: 27,28 BlackYellow~
27: 29,30,31,32,33 OrangePink~
27: 36,40 PointKit
27: 43 CalicoTabbyWin~
